14 0.725406 0.817104 0.227969 0.217833
14 0.978961 0.781479 0.042078 0.079375
68 0.362836 0.886729 0.045609 0.137375
3 0.041234 0.856750 0.082344 0.278125
3 0.207258 0.809938 0.058828 0.107417
3 0.273453 0.791562 0.040906 0.075458
3 0.230008 0.790375 0.025984 0.056375
13 0.505258 0.859510 0.041953 0.123396
40 0.927937 0.796542 0.139000 0.142333
51 0.610453 0.803573 0.033937 0.196687
7 0.246367 0.867625 0.136203 0.104917
7 0.431828 0.853375 0.036156 0.091375
7 0.369586 0.836844 0.041391 0.050188
7 0.499539 0.843573 0.018578 0.061021
7 0.557617 0.843917 0.035953 0.067750
7 0.472219 0.804865 0.032313 0.023896
7 0.302070 0.823125 0.017641 0.014333
39 0.387500 0.804990 0.015344 0.040354
3 0.153039 0.791260 0.048141 0.072229
14 0.870555 0.817760 0.096891 0.137063
7 0.160008 0.863490 0.060547 0.110354
7 0.537555 0.850625 0.012359 0.073625
7 0.581203 0.835417 0.028469 0.088667
39 0.452492 0.800729 0.012422 0.040583
2 0.344570 0.850854 0.021672 0.056500
2 0.459641 0.842344 0.073531 0.058104
2 0.573109 0.825406 0.043344 0.041562
2 0.409891 0.846510 0.055281 0.051687
2 0.259203 0.847604 0.052187 0.060583
2 0.538570 0.833427 0.014266 0.047521
11 0.389148 0.819667 0.009516 0.010167
11 0.404477 0.803292 0.008859 0.011542
11 0.453297 0.816021 0.008188 0.009208
11 0.473594 0.799990 0.008969 0.007812
11 0.500781 0.808812 0.007375 0.010208
11 0.567188 0.804448 0.007312 0.012021
39 0.475133 0.786167 0.017734 0.033833