0 0.899922 0.682677 0.025344 0.123479
0 0.938703 0.680208 0.030031 0.120167
0 0.888195 0.669323 0.013766 0.113187
0 0.983992 0.706927 0.032016 0.214771
0 0.784641 0.659323 0.025562 0.113187
0 0.760156 0.652396 0.016688 0.079500
15 0.827352 0.417260 0.127797 0.073979
15 0.691008 0.179771 0.613484 0.359542
15 0.274719 0.271906 0.546063 0.449437
3 0.683422 0.656177 0.247750 0.377521
3 0.492930 0.627969 0.156797 0.286146
3 0.643820 0.473042 0.185391 0.267417
3 0.900102 0.572906 0.151859 0.224979
3 0.251234 0.594667 0.080125 0.189667
3 0.159102 0.689187 0.155109 0.409375
3 0.314203 0.673573 0.096781 0.313479
3 0.637570 0.376396 0.131547 0.146458
3 0.771641 0.569542 0.070438 0.188167
3 0.094461 0.757729 0.188922 0.484542
3 0.199102 0.600760 0.089297 0.220604
0 0.907367 0.670875 0.021078 0.123042
0 0.736297 0.623677 0.020469 0.040146
7 0.657023 0.834594 0.310578 0.198771
7 0.473961 0.833052 0.173859 0.333896
7 0.252281 0.684635 0.023062 0.083729
7 0.110398 0.866292 0.210672 0.267417
7 0.236570 0.793281 0.100672 0.234896
7 0.916781 0.897115 0.166437 0.169479
7 0.325664 0.721792 0.065516 0.178125
7 0.815937 0.589219 0.040656 0.071896
7 0.782844 0.595021 0.036781 0.078792
2 0.721344 0.934833 0.552813 0.094375
2 0.904211 0.767667 0.143422 0.135208
2 0.807367 0.717208 0.084891 0.066583
10 0.858500 0.702115 0.032281 0.080146
7 0.410875 0.651583 0.048375 0.077292