68 0.604028 0.673595 0.263971 0.626405
68 0.326634 0.589575 0.155588 0.394575
59 0.161242 0.374779 0.011895 0.014069
59 0.155090 0.401757 0.008676 0.009297
59 0.094959 0.397614 0.011258 0.011797
3 0.247157 0.421193 0.016503 0.046111
3 0.110801 0.424150 0.017582 0.045752
3 0.156797 0.427141 0.012549 0.035752
3 0.168856 0.425147 0.014281 0.038987
3 0.192990 0.424469 0.011961 0.040441
3 0.228668 0.422459 0.018775 0.044330
3 0.059175 0.421879 0.022435 0.060098
3 0.095384 0.428766 0.013448 0.030539
3 0.210588 0.424706 0.011732 0.039608
68 0.464583 0.632998 0.151127 0.489003