20 0.402086 0.733702 0.663078 0.456185
20 0.725555 0.733702 0.544172 0.460679
3 0.325594 0.477108 0.152688 0.176028
3 0.082453 0.482291 0.148812 0.168171
3 0.736359 0.491446 0.088656 0.133937
3 0.858922 0.485592 0.117531 0.144878
3 0.413078 0.400070 0.140000 0.211742
3 0.514281 0.391969 0.113156 0.235505
3 0.749188 0.378092 0.119094 0.251237
3 0.654070 0.341054 0.090453 0.143885
3 0.698906 0.523476 0.186125 0.210017
26 0.514781 0.421777 0.077563 0.127213
0 0.598602 0.199068 0.020609 0.074338
0 0.723398 0.191838 0.018047 0.053641
4 0.661555 0.388397 0.019547 0.043136
7 0.691523 0.576159 0.153516 0.112491
7 0.814680 0.507509 0.030453 0.059965
7 0.953211 0.673955 0.093578 0.308258
7 0.410313 0.529521 0.047406 0.057613
7 0.050383 0.556742 0.096734 0.110105
39 0.210586 0.537666 0.063234 0.075958
11 0.623437 0.371638 0.017563 0.042160
3 0.462594 0.495653 0.100469 0.173780
20 0.100461 0.779956 0.200922 0.414756
0 0.707164 0.188171 0.015922 0.044843
0 0.689477 0.191664 0.019797 0.042526
0 0.654070 0.206742 0.018672 0.058362
0 0.635813 0.207221 0.017719 0.059634
0 0.616016 0.199843 0.016188 0.075087
0 0.581656 0.203746 0.016531 0.066411
0 0.512289 0.200932 0.018234 0.072073
0 0.493875 0.202936 0.019281 0.066463
0 0.546523 0.202456 0.015953 0.071115
0 0.401250 0.260113 0.021531 0.066951
2 0.639539 0.434617 0.183266 0.087840
2 0.311203 0.571071 0.048719 0.017822
3 0.959789 0.469791 0.080422 0.104111
4 0.616219 0.385671 0.017531 0.054686
4 0.181414 0.519190 0.019672 0.068972