7 0.072438 0.304375 0.108719 0.291208
7 0.319258 0.229729 0.047297 0.056292
7 0.278539 0.227167 0.040922 0.049458
7 0.393211 0.237156 0.062922 0.063229
10 0.688570 0.248688 0.137766 0.361583
10 0.532766 0.228813 0.143750 0.407375
16 0.589328 0.707865 0.821344 0.584271
2 0.500000 0.690583 1.000000 0.591917
3 0.892992 0.300250 0.214016 0.098500
0 0.874734 0.042385 0.025625 0.084771
0 0.848187 0.048260 0.024781 0.077604
0 0.128203 0.154625 0.026500 0.017958
0 0.119281 0.074104 0.039375 0.025042
0 0.115242 0.031885 0.038172 0.024604
0 0.073109 0.138302 0.032813 0.018062
0 0.630727 0.052125 0.052328 0.040625
0 0.923063 0.046000 0.016031 0.063667
17 0.194852 0.486375 0.087078 0.018917
7 0.972469 0.271906 0.053938 0.089896
7 0.450406 0.246365 0.045719 0.083854
2 0.293367 0.327615 0.430766 0.225104
0 0.625383 0.018177 0.049266 0.036354
7 0.021180 0.255583 0.038547 0.080542
6 0.890828 0.418010 0.218344 0.164104
7 0.161055 0.217875 0.048109 0.042583