8 0.181070 0.339354 0.026141 0.105833
14 0.722469 0.395656 0.555063 0.458437
3 0.440586 0.530271 0.235422 0.674875
3 0.218117 0.408500 0.197984 0.378083
3 0.516219 0.279271 0.076344 0.088833
3 0.714273 0.283990 0.059047 0.070354
69 0.379211 0.677521 0.212359 0.334833
14 0.342180 0.331844 0.063797 0.123312
14 0.287328 0.316313 0.078438 0.073417
21 0.705430 0.703542 0.126172 0.187792
69 0.708984 0.617646 0.121313 0.219333
21 0.575922 0.624177 0.090063 0.056604
14 0.370875 0.365823 0.020188 0.097229