8 0.211010 0.775977 0.015060 0.052417
8 0.668070 0.219470 0.012540 0.046887
8 0.826050 0.228460 0.014740 0.046391
8 0.378260 0.217185 0.011520 0.031854
3 0.204560 0.813013 0.128400 0.370993
3 0.351840 0.809454 0.144080 0.356987
3 0.474370 0.787649 0.131660 0.334834
3 0.587770 0.793510 0.144820 0.315099
3 0.718690 0.786507 0.126220 0.314603
3 0.836620 0.804056 0.125160 0.326589
3 0.829320 0.575281 0.081440 0.305596
3 0.730170 0.630215 0.132700 0.387914
3 0.684390 0.547202 0.077020 0.239371
3 0.173210 0.286093 0.106420 0.353907
3 0.246530 0.387881 0.093340 0.245960
3 0.904980 0.679123 0.085200 0.468245
8 0.355450 0.778278 0.011460 0.043974
8 0.479550 0.755000 0.022580 0.051192
8 0.591320 0.769536 0.012280 0.026358
8 0.468460 0.210464 0.011840 0.041325
8 0.572660 0.178775 0.025440 0.044371
3 0.609940 0.572252 0.082680 0.361854
3 0.499000 0.495033 0.998000 0.870861