3 0.497594 0.479417 0.116875 0.376417
3 0.517172 0.823833 0.214969 0.238417
32 0.434531 0.405500 0.049062 0.053833
3 0.221953 0.169500 0.033906 0.033917
3 0.443125 0.141979 0.035187 0.082792
3 0.471422 0.153312 0.027469 0.060208
3 0.494391 0.157646 0.024656 0.053125
3 0.600484 0.159208 0.035594 0.049250
3 0.887797 0.383083 0.073844 0.157583
3 0.569125 0.146313 0.025750 0.073125
3 0.328625 0.145604 0.027437 0.063292
3 0.926969 0.346625 0.031875 0.176000
3 0.363141 0.165813 0.031156 0.025542
3 0.958938 0.182333 0.031313 0.038083
3 0.498437 0.497917 0.996875 0.995833