42 0.297830 0.793413 0.163580 0.395040
42 0.077000 0.730320 0.104720 0.217653
0 0.578670 0.926240 0.035740 0.147520
0 0.453430 0.889907 0.040020 0.131973
0 0.445170 0.760453 0.026020 0.117173
7 0.540640 0.709720 0.043120 0.214480
3 0.711860 0.636627 0.175800 0.604507
3 0.598530 0.709027 0.117860 0.389947
3 0.214040 0.448320 0.185400 0.379787
2 0.527530 0.943827 0.414620 0.089893
4 0.502340 0.924267 0.049360 0.096800
4 0.483740 0.799853 0.026440 0.066053
34 0.074160 0.950560 0.148320 0.076427
45 0.530080 0.971067 0.063840 0.038133
3 0.363160 0.261987 0.092440 0.134960
42 0.013360 0.860373 0.025280 0.166187
3 0.346350 0.519107 0.193820 0.539333
3 0.394380 0.444933 0.121360 0.382027
42 0.159190 0.811787 0.137460 0.376427