12 0.541008 0.493073 0.913484 0.986146
0 0.620078 0.468063 0.030219 0.081625
0 0.653805 0.470167 0.032578 0.069625
0 0.836961 0.628000 0.056641 0.141333
0 0.734328 0.522271 0.044375 0.152792
0 0.589750 0.494729 0.037937 0.113500
0 0.800508 0.581375 0.061828 0.183792
0 0.696789 0.466125 0.052391 0.175417
0 0.923602 0.615156 0.085297 0.200063
0 0.799414 0.799552 0.052297 0.111562
0 0.628250 0.697406 0.033125 0.075312
0 0.271133 0.197948 0.025172 0.048354
0 0.311047 0.193865 0.022937 0.045521
6 0.440719 0.603698 0.076406 0.053146