3 0.734941 0.375695 0.324543 0.235891
3 0.442295 0.738102 0.127775 0.087766
3 0.647131 0.810211 0.100820 0.065328
3 0.819883 0.928344 0.108056 0.143313
3 0.911089 0.940953 0.100117 0.118094
61 0.554005 0.424648 0.090398 0.068734
3 0.716885 0.827484 0.086885 0.045437
3 0.232705 0.674633 0.077541 0.097047
3 0.547974 0.789398 0.078525 0.108422
3 0.163864 0.583500 0.164637 0.237844
12 0.685351 0.880719 0.097775 0.076125
3 0.490012 0.801164 0.060117 0.072734
3 0.058232 0.599758 0.112155 0.116047
3 0.573009 0.840594 0.073981 0.069156
3 0.280293 0.707836 0.075012 0.061578
3 0.618267 0.851562 0.056206 0.068750