0 0.823258 0.238823 0.131109 0.382396
0 0.598109 0.141833 0.083375 0.283667
10 0.389648 0.247240 0.100078 0.115646
10 0.510055 0.227396 0.099078 0.101208
4 0.751648 0.238229 0.092891 0.153875
4 0.896859 0.859865 0.206281 0.253354
16 0.525844 0.520229 0.751687 0.505625
16 0.937805 0.726708 0.124391 0.225458
16 0.224406 0.072073 0.144813 0.070563
16 0.092695 0.126969 0.178641 0.074146
10 0.969547 0.432417 0.060906 0.350542
7 0.393672 0.096750 0.130781 0.193500
7 0.938984 0.170792 0.121031 0.341167
7 0.548805 0.168583 0.320672 0.195958
7 0.727398 0.083729 0.077109 0.165208
7 0.758922 0.104625 0.020500 0.102542
3 0.173016 0.283448 0.346031 0.566896
0 0.663672 0.159333 0.113625 0.313167
0 0.520133 0.103438 0.098703 0.206875
2 0.497430 0.742302 0.991016 0.485854
10 0.748508 0.240146 0.091734 0.161125