19 0.897477 0.414296 0.029141 0.030855
14 0.128438 0.364157 0.254594 0.179630
14 0.483859 0.314954 0.279906 0.190185
3 0.687891 0.559099 0.227594 0.559630
3 0.893000 0.357887 0.065375 0.253695
3 0.864633 0.298314 0.031109 0.129007
3 0.941891 0.352621 0.057531 0.263626
3 0.054508 0.384700 0.076516 0.197945
3 0.969758 0.340866 0.058859 0.284088
3 0.819703 0.369781 0.052656 0.213972
22 0.375016 0.664423 0.055469 0.099515
18 0.814281 0.491120 0.066281 0.080393
0 0.890094 0.283684 0.011938 0.038822
7 0.162609 0.424353 0.076875 0.134942
7 0.080594 0.436005 0.026250 0.106005
3 0.284680 0.720023 0.230859 0.368868
3 0.026906 0.424550 0.053812 0.133580
14 0.684492 0.291212 0.244547 0.153972
40 0.307523 0.304792 0.095703 0.141455
14 0.169125 0.300266 0.164938 0.130139
14 0.883578 0.206755 0.066938 0.041178