0 0.830672 0.274016 0.032103 0.027531
3 0.112702 0.329734 0.225403 0.389562
4 0.626626 0.285750 0.058240 0.049781
4 0.918778 0.524758 0.106455 0.095672
4 0.869487 0.296602 0.060538 0.080109
4 0.428203 0.344781 0.058998 0.065031
5 0.365758 0.649945 0.096601 0.234641
5 0.632225 0.730414 0.347971 0.182797
5 0.532433 0.460383 0.151907 0.024172
5 0.176699 0.498305 0.132567 0.052797
3 0.320452 0.254641 0.312200 0.267500
3 0.545171 0.215906 0.264866 0.269656
0 0.798582 0.294375 0.035795 0.091094
0 0.766064 0.307984 0.049389 0.068687
6 0.443068 0.771914 0.407897 0.231453
16 0.275355 0.537273 0.245477 0.080953
3 0.903203 0.425641 0.193594 0.139344
3 0.979132 0.186570 0.041736 0.084672
7 0.425758 0.263188 0.199144 0.169406
2 0.500000 0.653242 1.000000 0.657141
5 0.955990 0.601906 0.088020 0.036187
3 0.716235 0.158078 0.160978 0.163938