19 0.278734 0.339885 0.012812 0.009437
7 0.349430 0.729698 0.047328 0.086271
7 0.304477 0.726667 0.044516 0.089000
32 0.312781 0.471927 0.042469 0.029771
32 0.741164 0.407885 0.039266 0.031521
3 0.348602 0.501396 0.055359 0.176417
3 0.744523 0.384771 0.068359 0.108458
3 0.775086 0.164646 0.030453 0.062875
3 0.725594 0.130448 0.024500 0.055229
3 0.896047 0.977531 0.033781 0.044937
3 0.143453 0.534188 0.061469 0.152292
3 0.414680 0.204812 0.024047 0.042875
3 0.052055 0.726552 0.043516 0.115271
3 0.376633 0.203396 0.033016 0.046792
3 0.382688 0.126010 0.024906 0.063021
3 0.404203 0.121135 0.025219 0.053646
41 0.142500 0.964292 0.285000 0.069583
41 0.347961 0.216750 0.024672 0.017625
41 0.254570 0.220979 0.022016 0.013417
41 0.206906 0.221729 0.024250 0.014625
3 0.885750 0.925833 0.040875 0.057292
41 0.060766 0.167594 0.041719 0.015271
21 0.384828 0.758208 0.051719 0.049042
69 0.264164 0.757719 0.041953 0.054437
69 0.351422 0.717240 0.033594 0.012979
3 0.318883 0.128479 0.027578 0.057958
41 0.027172 0.180562 0.021406 0.018208
41 0.090398 0.144635 0.022391 0.028854
19 0.359602 0.724073 0.003453 0.003604
3 0.495313 0.463542 0.987500 0.927083