7 0.240078 0.636092 0.138500 0.290306
7 0.096641 0.709825 0.178531 0.348384
56 0.874469 0.169356 0.216438 0.170502
56 0.575719 0.257303 0.250875 0.159541
3 0.496641 0.736517 0.188719 0.374738
3 0.347742 0.554651 0.112578 0.280611
3 0.838648 0.473035 0.123828 0.191004
3 0.861688 0.710317 0.183781 0.373428
3 0.410570 0.367795 0.051797 0.204061
3 0.128312 0.344498 0.042156 0.222096
7 0.960125 0.578603 0.035281 0.247293
3 0.104508 0.355197 0.042516 0.202969
7 0.303703 0.583821 0.114656 0.249694
7 0.936422 0.568679 0.120406 0.155917
7 0.946258 0.807151 0.107484 0.195218