62 0.355617 0.674906 0.168547 0.496646
3 0.062359 0.244385 0.091000 0.352812
3 0.451688 0.766292 0.198875 0.467417
3 0.209219 0.754562 0.177031 0.490125
3 0.147805 0.593469 0.167234 0.788271
3 0.240406 0.365677 0.108219 0.392021
3 0.145547 0.209448 0.132312 0.174937
3 0.330281 0.225625 0.125594 0.321833
3 0.509719 0.195302 0.091250 0.181729
3 0.427008 0.385240 0.193234 0.402104
3 0.681742 0.585396 0.254484 0.788750
3 0.734656 0.209937 0.110719 0.249333
3 0.698594 0.121344 0.069094 0.148312
26 0.882961 0.648417 0.092391 0.150875
13 0.817445 0.434854 0.070953 0.206792
3 0.395023 0.282604 0.139672 0.309792
62 0.719383 0.757292 0.030078 0.120875
3 0.907812 0.354167 0.181250 0.600000