0 0.511135 0.755750 0.027104 0.162056
20 0.877667 0.575458 0.101583 0.116583
20 0.962542 0.635333 0.074917 0.196667
0 0.483490 0.523583 0.020771 0.050333
7 0.151063 0.709528 0.082542 0.220222
7 0.178646 0.894014 0.273042 0.193250
7 0.188760 0.614750 0.057313 0.146056
7 0.213385 0.556056 0.057313 0.113222
10 0.575896 0.877958 0.046042 0.099583
10 0.504875 0.781500 0.049208 0.131944
4 0.474396 0.660889 0.020333 0.047222
17 0.414542 0.846444 0.096875 0.016000
17 0.629385 0.732958 0.031313 0.025639
3 0.772813 0.707931 0.167708 0.250583
3 0.647813 0.567847 0.107333 0.185806
3 0.585875 0.524597 0.066167 0.189917
3 0.274604 0.627556 0.202917 0.357444
3 0.297083 0.779194 0.298167 0.435833
3 0.686615 0.825528 0.328229 0.348944
3 0.340438 0.538542 0.076167 0.181306
3 0.443969 0.479222 0.111521 0.147333
3 0.880625 0.810000 0.238750 0.380000
15 0.497188 0.154528 0.994375 0.304556
15 0.594083 0.285944 0.806333 0.273722
0 0.593698 0.791125 0.029271 0.124861
10 0.454708 0.623236 0.026792 0.072139
7 0.548594 0.464042 0.065729 0.119083
39 0.798885 0.550556 0.125354 0.139389
3 0.296375 0.478056 0.115208 0.158111
3 0.685958 0.499431 0.087125 0.072917
0 0.529479 0.841042 0.032458 0.133528
0 0.466844 0.545861 0.010687 0.030000
48 0.397594 0.792667 0.055354 0.035444
7 0.473927 0.440208 0.049354 0.092361
7 0.516760 0.396153 0.036771 0.021306
2 0.507563 0.687556 0.072167 0.092278
2 0.501833 0.760847 0.299292 0.478306
6 0.452427 0.910986 0.038271 0.034639