39 0.350852 0.662017 0.208609 0.409876
42 0.201977 0.329418 0.183141 0.228391
3 0.635281 0.426535 0.234906 0.410693
3 0.723156 0.466708 0.374750 0.735891
36 0.685117 0.648317 0.629766 0.680891
4 0.532047 0.779369 0.050250 0.088045
4 0.487812 0.743366 0.041375 0.112426
4 0.258195 0.772178 0.040891 0.105941
4 0.148078 0.790978 0.026500 0.053985
4 0.168695 0.776300 0.022359 0.048540
4 0.214414 0.790347 0.026297 0.050446
9 0.420594 0.964493 0.055813 0.071015
30 0.074367 0.039505 0.062078 0.014901
4 0.190992 0.782327 0.023547 0.053168
4 0.229344 0.772599 0.023688 0.047871
4 0.100023 0.781807 0.024953 0.047079
4 0.122047 0.766522 0.024938 0.047995
6 0.467063 0.836671 0.067156 0.084431
28 0.598984 0.512735 0.063844 0.068490
28 0.941711 0.670916 0.030047 0.042475
30 0.482945 0.473354 0.069703 0.043589
30 0.084547 0.035495 0.056969 0.012327