3 0.493930 0.719551 0.093953 0.225359
3 0.561039 0.725692 0.096734 0.254256
3 0.984195 0.226974 0.031609 0.136923
3 0.762523 0.738103 0.103016 0.259436
3 0.681062 0.736474 0.100375 0.254128
3 0.866219 0.587205 0.037156 0.086667
3 0.953531 0.521244 0.088750 0.212333
3 0.836086 0.207628 0.051266 0.153564
3 0.599758 0.425051 0.055453 0.177487
3 0.560758 0.431667 0.096609 0.181385
3 0.431555 0.501051 0.065953 0.172000
3 0.305195 0.448282 0.078422 0.228308
8 0.285172 0.673974 0.010906 0.053231
8 0.365125 0.664321 0.012063 0.042846
8 0.372430 0.533346 0.011828 0.049154
8 0.554953 0.715244 0.012594 0.052179
8 0.830922 0.706551 0.016969 0.047821
8 0.709586 0.543359 0.010109 0.071179
8 0.595461 0.409526 0.007422 0.014795
8 0.771727 0.730897 0.026297 0.050205
8 0.940586 0.661013 0.005922 0.027564
8 0.054914 0.529526 0.010578 0.026282
8 0.111727 0.538000 0.008359 0.028923
8 0.650047 0.526487 0.007281 0.034308
3 0.558000 0.520949 0.056125 0.185077
8 0.477211 0.435064 0.011078 0.044179
8 0.582812 0.397436 0.818750 0.420513
3 0.500000 0.519231 0.996875 0.838462