58 0.531389 0.511217 0.650229 0.726454
3 0.359510 0.551691 0.097026 0.107369
3 0.725065 0.572851 0.026503 0.040572
3 0.516895 0.574248 0.056961 0.054673
3 0.308962 0.297002 0.047958 0.037500
3 0.506283 0.279714 0.041389 0.034101
3 0.203995 0.654109 0.011389 0.034592
58 0.964248 0.589796 0.071503 0.143905
3 0.159837 0.663145 0.021634 0.056389
3 0.361977 0.292565 0.030163 0.033562
3 0.143211 0.660074 0.031258 0.086127
3 0.177288 0.675997 0.021634 0.052712
3 0.196209 0.671740 0.021242 0.063121
58 0.873407 0.573219 0.103186 0.113922