18 0.177875 0.421148 0.026500 0.115129
22 0.482055 0.540960 0.032766 0.066979
22 0.508305 0.352283 0.019891 0.037073
3 0.477984 0.573653 0.196563 0.282436
3 0.565234 0.584262 0.188906 0.296628
3 0.563305 0.324953 0.095016 0.322225
3 0.473758 0.334098 0.088422 0.345433
3 0.302250 0.268770 0.049250 0.174496
3 0.150391 0.366323 0.082969 0.285948
3 0.120172 0.212319 0.056688 0.136253
3 0.224164 0.179297 0.064609 0.233770
3 0.045195 0.267845 0.049641 0.155878
3 0.009945 0.270094 0.018672 0.151850
41 0.174953 0.344297 0.349906 0.027845