3 0.343573 0.535789 0.512188 0.654359
10 0.806510 0.769180 0.133021 0.258234
10 0.692969 0.441563 0.022062 0.039656
0 0.489125 0.627500 0.090667 0.089469
0 0.132740 0.040672 0.050646 0.079094
0 0.195042 0.046352 0.038167 0.087672
0 0.581052 0.095211 0.063604 0.136141
0 0.324490 0.048281 0.034229 0.096562
0 0.287073 0.067258 0.034521 0.077984
0 0.669802 0.140703 0.039729 0.070438
0 0.706948 0.146773 0.028646 0.070734
0 0.118594 0.237047 0.062104 0.027125
0 0.372229 0.037906 0.025833 0.053281
0 0.724354 0.151797 0.021375 0.064031
10 0.732802 0.437422 0.030271 0.050187
10 0.772437 0.432156 0.019917 0.051531
10 0.753229 0.429992 0.021958 0.029953
4 0.645687 0.833016 0.272667 0.296625
3 0.881875 0.807461 0.236250 0.122641
0 0.505208 0.090391 0.035792 0.112344
0 0.763260 0.159672 0.026313 0.058719
10 0.711740 0.437547 0.020396 0.042438
3 0.953688 0.523156 0.092625 0.237469
10 0.755552 0.449359 0.016521 0.022375
0 0.522917 0.389062 0.950000 0.650000