55 0.448023 0.525679 0.189234 0.162881
55 0.223102 0.360340 0.118672 0.135808
55 0.081242 0.960012 0.087078 0.079977
7 0.654273 0.770960 0.637047 0.427963
7 0.530008 0.328056 0.085672 0.168806
13 0.059617 0.228899 0.048641 0.082529
3 0.357289 0.266089 0.121766 0.258735
3 0.486992 0.275855 0.106047 0.267354
3 0.638633 0.240012 0.045734 0.097166
3 0.328695 0.225902 0.042047 0.126276
3 0.561070 0.239813 0.058797 0.161733
3 0.668734 0.194895 0.027844 0.072412
3 0.547773 0.159778 0.060047 0.138899
7 0.371867 0.320562 0.095609 0.172272
39 0.187359 0.320422 0.239375 0.213489
39 0.910266 0.216323 0.078281 0.105948
3 0.286398 0.220843 0.051547 0.103560
13 0.244664 0.196651 0.020734 0.049742
13 0.039602 0.232365 0.020734 0.066230
13 0.028344 0.245433 0.013125 0.048852
21 0.326695 0.151464 0.014609 0.013794
3 0.471039 0.226710 0.044953 0.103770
3 0.432227 0.284403 0.066891 0.236815
3 0.693937 0.223396 0.042594 0.127681
3 0.126594 0.185632 0.037719 0.120398
21 0.898633 0.418208 0.199141 0.184286
7 0.641781 0.262190 0.074250 0.084286
7 0.670531 0.364180 0.056813 0.074309
39 0.038055 0.465726 0.076109 0.211452
3 0.971320 0.192213 0.036391 0.077916
7 0.271984 0.253689 0.019406 0.032061
7 0.291133 0.475328 0.062391 0.124660
7 0.297258 0.263361 0.027328 0.053326
7 0.865625 0.391546 0.268750 0.248197
7 0.761047 0.249110 0.092406 0.070351
7 0.318656 0.267342 0.025844 0.074590
7 0.340906 0.259368 0.028406 0.059766
3 0.556250 0.252927 0.803125 0.332553
7 0.591406 0.590164 0.801562 0.814988