0 0.344719 0.751656 0.026531 0.127146
36 0.916078 0.758250 0.167844 0.483500
36 0.184688 0.655458 0.369375 0.471083
2 0.319414 0.860156 0.324703 0.256479
3 0.488508 0.630302 0.264016 0.645729
3 0.640203 0.666500 0.196000 0.551625
3 0.799719 0.495510 0.278094 0.982021
4 0.211469 0.805312 0.041938 0.121333
28 0.684812 0.167240 0.028813 0.139604
0 0.268961 0.788906 0.029953 0.124937
4 0.216867 0.744938 0.039703 0.059625
34 0.254211 0.545333 0.120609 0.052583
28 0.389891 0.790552 0.048750 0.065021
21 0.185820 0.805865 0.139547 0.263937
28 0.317578 0.772771 0.031563 0.038250