36 0.429031 0.480646 0.851625 0.363458
3 0.785875 0.508969 0.428250 0.955146
3 0.433984 0.639333 0.325281 0.698875
3 0.448859 0.208344 0.155688 0.223229
3 0.168070 0.541667 0.332766 0.783792
3 0.833648 0.208375 0.077203 0.269333
3 0.894469 0.115771 0.057219 0.133042
6 0.077508 0.947417 0.154141 0.105167
3 0.904664 0.191812 0.117297 0.295250
3 0.667875 0.228167 0.261906 0.232792
3 0.311539 0.227135 0.121859 0.176437
4 0.968719 0.940521 0.062562 0.118958
9 0.038922 0.656073 0.070125 0.034896
3 0.585242 0.242271 0.037859 0.057708
3 0.860773 0.094073 0.047109 0.097979