0 0.809039 0.316958 0.031391 0.108500
7 0.748312 0.779094 0.205625 0.413479
7 0.903602 0.898083 0.192328 0.203833
2 0.859922 0.478427 0.280156 0.217646
2 0.116875 0.543604 0.230375 0.168167
3 0.481789 0.642635 0.647422 0.683854
3 0.222469 0.615490 0.444937 0.769021
28 0.144273 0.719677 0.062578 0.043979
28 0.496031 0.754812 0.056719 0.045833
29 0.489492 0.273448 0.059359 0.015271
6 0.927164 0.374000 0.054922 0.047250
7 0.946289 0.547490 0.107422 0.157938
7 0.134914 0.913750 0.121422 0.172500
4 0.782953 0.361187 0.024563 0.052875
4 0.926922 0.374542 0.054906 0.050333
16 0.929531 0.396354 0.069750 0.033458
0 0.751086 0.323229 0.031922 0.106208
0 0.730867 0.321646 0.028172 0.108708