13 0.903070 0.414087 0.074922 0.067330
14 0.692398 0.407131 0.134328 0.094496
14 0.300578 0.364450 0.062813 0.056862
3 0.525547 0.427482 0.083156 0.330281
3 0.048344 0.350550 0.042312 0.171967
3 0.905164 0.396569 0.035609 0.104754
59 0.287062 0.182881 0.012750 0.043747
59 0.416555 0.091335 0.056953 0.090539
59 0.351516 0.191710 0.015688 0.040375
3 0.482086 0.292998 0.017984 0.027728
59 0.143789 0.235269 0.009453 0.023747
59 0.072500 0.238665 0.012406 0.035831
21 0.022531 0.369005 0.030812 0.078337
59 0.883039 0.261850 0.020578 0.023044
21 0.917078 0.373782 0.025938 0.033981
3 0.485000 0.438372 0.030687 0.273419