39 0.302386 0.552717 0.022443 0.075261
7 0.162642 0.967391 0.174716 0.063043
7 0.401989 0.879652 0.142045 0.110870
2 0.521960 0.880000 0.591932 0.211739
12 0.927983 0.655043 0.140966 0.658435
44 0.680597 0.838630 0.107500 0.121348
24 0.476023 0.694000 0.170966 0.308783
29 0.796207 0.592283 0.079176 0.015087
33 0.637500 0.838630 0.049034 0.069435
33 0.681662 0.908370 0.047415 0.069261
33 0.671634 0.798870 0.033324 0.047739
33 0.604219 0.859174 0.042585 0.092174
7 0.760327 0.883130 0.145937 0.197391
33 0.639091 0.901326 0.040170 0.058652