14 0.308962 0.693547 0.107642 0.058375
14 0.310991 0.698602 0.109434 0.058734
14 0.449245 0.667766 0.038019 0.025531
14 0.618986 0.701172 0.090094 0.054969
14 0.479564 0.664133 0.040024 0.017891
14 0.555024 0.656492 0.026745 0.016609
59 0.559198 0.586437 0.653538 0.096344
14 0.383113 0.670664 0.055943 0.031922
3 0.954163 0.827852 0.091675 0.337453
59 0.515177 0.632977 0.008278 0.008578
59 0.243101 0.647773 0.024929 0.042484
14 0.565142 0.710383 0.129198 0.065984
14 0.069375 0.705484 0.124363 0.057344
14 0.513998 0.661469 0.033278 0.017938
14 0.490932 0.662211 0.032476 0.018703
14 0.175248 0.692172 0.100825 0.058031
14 0.226415 0.698438 0.452830 0.081250