3 0.610750 0.562658 0.194140 0.699550
3 0.328520 0.764835 0.307600 0.421502
3 0.240670 0.318243 0.133060 0.207417
3 0.391270 0.308904 0.105260 0.170841
3 0.862400 0.260766 0.176280 0.160511
3 0.478170 0.310120 0.094300 0.161802
18 0.665940 0.189790 0.124480 0.209429
3 0.115990 0.021351 0.073340 0.042703
41 0.330150 0.376652 0.107300 0.056727
41 0.760380 0.325661 0.157080 0.063634
22 0.456120 0.741562 0.057600 0.099339
0 0.299820 0.332898 0.010640 0.047177
3 0.085920 0.369595 0.101640 0.156907
3 0.151380 0.337087 0.106360 0.188529
0 0.177590 0.347117 0.009340 0.049489
3 0.143400 0.699369 0.220040 0.546727