39 0.389578 0.416103 0.038594 0.163146
42 0.127641 0.505153 0.233312 0.222700
42 0.934195 0.583462 0.127109 0.184812
7 0.604656 0.632547 0.087500 0.241385
7 0.502508 0.627324 0.096609 0.231174
7 0.669195 0.618991 0.047141 0.190986
7 0.512797 0.528251 0.033719 0.027207
3 0.686445 0.531960 0.082891 0.323967
3 0.612484 0.446197 0.023625 0.083897
43 0.811859 0.501725 0.023031 0.037488
12 0.786320 0.536373 0.031703 0.254249
30 0.956156 0.771702 0.022406 0.107300
30 0.968250 0.778075 0.020125 0.109014
1 0.710555 0.310000 0.021828 0.051362
11 0.886562 0.831608 0.057313 0.210493
11 0.556945 0.516702 0.017766 0.052934
7 0.651664 0.528826 0.015047 0.029390
11 0.388047 0.478415 0.022219 0.041385
11 0.533836 0.487946 0.015203 0.039272
2 0.599984 0.647148 0.196188 0.208756