18 0.519281 0.661500 0.007750 0.055042
22 0.636461 0.637073 0.016984 0.033438
3 0.525203 0.615875 0.079656 0.180917
3 0.720047 0.597333 0.068719 0.209208
3 0.659328 0.634708 0.067500 0.122625
3 0.102414 0.455979 0.038172 0.115667
3 0.396914 0.926281 0.217422 0.119104
3 0.597312 0.886740 0.145437 0.226521
3 0.904563 0.756760 0.190875 0.466229
3 0.219484 0.946771 0.149531 0.106458
3 0.708742 0.842177 0.086672 0.136854
3 0.556070 0.878917 0.070922 0.201833
3 0.488094 0.935240 0.089844 0.129521
3 0.622453 0.414115 0.022719 0.030313
3 0.499219 0.498958 0.998437 0.997917