1 0.483609 0.273970 0.023469 0.054075
1 0.529703 0.271920 0.030219 0.054988
3 0.889344 0.860422 0.022656 0.122576
3 0.917078 0.854778 0.019469 0.093208
3 0.942063 0.853536 0.016188 0.087307
3 0.926219 0.851335 0.014625 0.090726
3 0.778461 0.853208 0.025484 0.114567
14 0.155125 0.815059 0.023938 0.038642
3 0.798500 0.857506 0.021438 0.102272
3 0.992156 0.859590 0.015688 0.100164
3 0.483078 0.840609 0.016594 0.088899
14 0.133516 0.827201 0.038719 0.050047
3 0.876953 0.844262 0.009000 0.090211
3 0.252453 0.803080 0.005344 0.027518
3 0.467148 0.838478 0.014766 0.091101
3 0.488672 0.842307 0.002375 0.013326
3 0.903125 0.848958 0.015344 0.049485