7 0.225000 0.795698 0.240313 0.408604
36 0.856492 0.808156 0.287016 0.356229
34 0.132344 0.591333 0.188844 0.154208
30 0.587703 0.711250 0.151969 0.085333
30 0.599430 0.839573 0.016891 0.090146
30 0.589094 0.825635 0.148594 0.117104
30 0.433438 0.727625 0.033156 0.092208
30 0.498336 0.733240 0.022391 0.089521
30 0.365570 0.726094 0.018453 0.108021
30 0.390961 0.730135 0.006234 0.084938
30 0.470570 0.862094 0.073547 0.031354
21 0.882000 0.735344 0.139375 0.212271
0 0.036367 0.612833 0.036359 0.136500
7 0.014289 0.842021 0.017078 0.071583
7 0.003063 0.844792 0.004625 0.081000
30 0.046266 0.700510 0.092531 0.054021