15 0.429547 0.292576 0.319344 0.429227
15 0.510914 0.360925 0.136047 0.097447
13 0.693180 0.705937 0.057797 0.237963
13 0.780914 0.665129 0.172328 0.348337
14 0.640133 0.520410 0.026609 0.039883
14 0.955992 0.650164 0.088016 0.330632
14 0.903406 0.538923 0.046844 0.052506
7 0.120719 0.674836 0.114031 0.305035
3 0.254531 0.535562 0.108438 0.295714
3 0.101359 0.577494 0.116250 0.412459
3 0.445641 0.489133 0.027844 0.042576
3 0.411766 0.500141 0.022156 0.080047
40 0.813641 0.552459 0.170531 0.181358
15 0.162281 0.044895 0.196844 0.089789
15 0.559812 0.448571 0.079750 0.122014
15 0.569031 0.456827 0.062000 0.033560
7 0.344234 0.578220 0.055937 0.129555
7 0.381437 0.494859 0.026062 0.018618
7 0.464180 0.560398 0.026641 0.079016
7 0.011508 0.585597 0.020953 0.042810
7 0.242219 0.614321 0.073313 0.137213
3 0.472023 0.499356 0.046578 0.068970
14 0.935047 0.524379 0.041469 0.047307
2 0.298867 0.564813 0.066641 0.106112
2 0.465445 0.513934 0.062047 0.020187
26 0.756492 0.580492 0.040703 0.116815
7 0.409039 0.542904 0.016766 0.058829