0 0.275633 0.438823 0.015547 0.054813
0 0.260641 0.434385 0.011781 0.060562
1 0.888617 0.326188 0.070547 0.108500
7 0.568297 0.853052 0.140594 0.293896
7 0.715695 0.835906 0.134547 0.328188
7 0.843539 0.794385 0.139891 0.343813
44 0.817328 0.481844 0.025531 0.020979
49 0.836211 0.504490 0.019203 0.023729
49 0.819453 0.496594 0.018063 0.019896
49 0.851070 0.502521 0.017109 0.020125
33 0.835602 0.487583 0.019297 0.015417
33 0.867250 0.496875 0.018500 0.014333
2 0.482625 0.742823 0.965250 0.514354
24 0.375188 0.527573 0.125562 0.066604
29 0.512336 0.569479 0.267078 0.072292
4 0.488094 0.431510 0.024594 0.062312
6 0.203758 0.477312 0.040422 0.037667
6 0.840859 0.496125 0.098750 0.049583
7 0.421875 0.868500 0.156250 0.239583
12 0.091555 0.372729 0.175328 0.340250
0 0.659820 0.528417 0.015078 0.063875