23 0.783844 0.329299 0.309250 0.416165
14 0.531352 0.762515 0.374078 0.164289
14 0.155266 0.739629 0.308000 0.220825
14 0.299727 0.752433 0.156672 0.166309
14 0.831883 0.773227 0.280328 0.141546
3 0.745703 0.766093 0.094719 0.166041
3 0.838156 0.765289 0.131406 0.163773
3 0.044102 0.799979 0.083141 0.112289
3 0.459531 0.804598 0.050375 0.078928
3 0.967156 0.772206 0.065687 0.147753
14 0.391461 0.667103 0.253047 0.065010
3 0.019688 0.648371 0.023781 0.011876
3 0.017422 0.771979 0.034844 0.141237
3 0.588164 0.800093 0.068234 0.090041