0 0.827471 0.433227 0.148478 0.135234
3 0.552822 0.255609 0.541054 0.466375
3 0.361979 0.200211 0.132810 0.190109
3 0.151569 0.233703 0.276206 0.373031
3 0.758279 0.160109 0.055761 0.064844
10 0.801991 0.606727 0.203934 0.233859
10 0.221382 0.540961 0.174754 0.215047
31 0.940152 0.807430 0.118150 0.256766
17 0.863934 0.806742 0.070726 0.260672
17 0.115281 0.562766 0.062272 0.070312
16 0.515328 0.522469 0.451311 0.146063
3 0.208911 0.241156 0.178759 0.168969
7 0.048876 0.466812 0.097752 0.094125
2 0.500000 0.673875 1.000000 0.626938