20 0.502250 0.469656 0.404500 0.350562
20 0.845852 0.463229 0.306047 0.461875
20 0.136828 0.686937 0.273656 0.599083
20 0.925445 0.828479 0.149109 0.307167
3 0.126609 0.146229 0.075813 0.189250
3 0.234062 0.138917 0.169469 0.205833
3 0.353070 0.133187 0.080766 0.195458
3 0.417117 0.129958 0.069422 0.204167
3 0.516156 0.133188 0.125844 0.193708
3 0.795414 0.220969 0.058078 0.223479
3 0.946313 0.184396 0.077781 0.146042
3 0.733187 0.212115 0.087438 0.313896
3 0.646078 0.177906 0.049812 0.126938
3 0.590383 0.163479 0.041141 0.136167
3 0.840258 0.190042 0.041828 0.083875
21 0.912828 0.207885 0.076156 0.098312
21 0.694414 0.209927 0.049859 0.077438
3 0.950258 0.237292 0.099484 0.267708
3 0.909344 0.157115 0.050250 0.070354
3 0.499219 0.237500 0.998437 0.395833