32 0.255180 0.944204 0.116984 0.111593
3 0.081953 0.510550 0.160594 0.937963
3 0.438836 0.611581 0.374766 0.776838
0 0.401742 0.952553 0.032828 0.093255
0 0.373117 0.950176 0.029047 0.099649
3 0.386141 0.073841 0.118250 0.147681
3 0.551828 0.096850 0.079000 0.140211
3 0.857922 0.089239 0.163062 0.178478
3 0.696492 0.091218 0.202859 0.177939
3 0.252000 0.469719 0.159094 0.939438
3 0.493719 0.077927 0.111094 0.155855
3 0.941547 0.093255 0.116906 0.186511
3 0.411250 0.051604 0.049781 0.102834
32 0.301453 0.783852 0.144219 0.216136
7 0.441570 0.698302 0.242734 0.496932
7 0.767664 0.824098 0.239734 0.350258
7 0.772703 0.111534 0.064531 0.127377
7 0.162312 0.048466 0.057625 0.091593
7 0.062695 0.059239 0.125391 0.111593
7 0.454820 0.091194 0.049266 0.120094
7 0.596953 0.064344 0.039031 0.043864