0 0.202281 0.609448 0.058875 0.262559
7 0.393531 0.438063 0.292344 0.387394
7 0.893391 0.622911 0.213219 0.712347
2 0.276781 0.733685 0.553562 0.510141
4 0.401977 0.734472 0.068984 0.093920
4 0.296016 0.943451 0.077625 0.113099
4 0.395945 0.945434 0.074016 0.109131
17 0.432719 0.644108 0.078531 0.036150
5 0.329594 0.750223 0.062156 0.027770
33 0.309148 0.711502 0.033203 0.051315
3 0.703023 0.500000 0.562422 0.973052
6 0.203234 0.880387 0.094406 0.114061
6 0.475461 0.818322 0.157891 0.127629
0 0.154812 0.752629 0.077750 0.186056
5 0.227734 0.832946 0.108688 0.104812