8 0.303609 0.435960 0.040469 0.152810
7 0.890586 0.497752 0.215891 0.474145
2 0.889820 0.413478 0.220359 0.651686
3 0.329844 0.464473 0.203906 0.593255
3 0.462359 0.246616 0.132531 0.462740
3 0.595977 0.225843 0.160422 0.442693
3 0.725039 0.264637 0.133734 0.522529
3 0.904203 0.080960 0.165969 0.161920
3 0.035867 0.850656 0.070734 0.298689
4 0.869883 0.174883 0.031422 0.125550
4 0.897383 0.203642 0.029859 0.081007
4 0.968328 0.220937 0.027344 0.084918
69 0.419711 0.733876 0.105266 0.410703
10 0.844969 0.140504 0.025312 0.080679
4 0.938180 0.206874 0.032203 0.095527
4 0.993898 0.156370 0.012203 0.055176
4 0.891281 0.142237 0.024188 0.075012
4 0.919906 0.200211 0.009687 0.078970
4 0.911023 0.155609 0.018922 0.078618
3 0.816133 0.177635 0.100047 0.355269