22 0.254480 0.512553 0.017000 0.023964
3 0.226470 0.540541 0.074900 0.243784
3 0.392360 0.574625 0.091800 0.245526
3 0.973400 0.210556 0.047680 0.193423
3 0.547850 0.097973 0.072060 0.184715
3 0.631690 0.588679 0.105500 0.246366
3 0.523510 0.599264 0.081260 0.237808
3 0.053360 0.085976 0.044680 0.171952
3 0.323540 0.036351 0.038440 0.072703
3 0.390150 0.056802 0.058500 0.110961
3 0.598710 0.041697 0.028260 0.083393
3 0.580400 0.577643 0.076920 0.245556
3 0.466450 0.594369 0.057540 0.231021
3 0.434980 0.572808 0.072320 0.258889
3 0.504000 0.361862 0.808000 0.723724